successfully connected to database
cols as string: ain, landbaseyear, rollyear, zipcode5, totalvalue, center_lat, center_lon
tablename: cleanlacountytable
selected table from database
                ain  totalvalue  rollyear
89       4287038028    223586.0      2007
124      4286029005   1268034.0      2007
314      4282035030   2069354.0      2007
665      4275024015   3571020.0      2007
696      4275008001   2664143.0      2007
...             ...         ...       ...
1164566  5132011047   1651464.0      2010
1164637  5132001031   5925922.0      2010
1164760  5127025012   1058690.0      2010
1164835  5126022010    234007.0      2010
1164866  5126003026    835455.0      2010

[82740 rows x 3 columns]
          prop_id        long        lat  zipcode5  estimated_value  recorded_value   value_diff
0      4288006015 -118.479718  33.997642     90405      62785927.86      13151200.0 -49634727.86
1      4288006013 -118.479525  33.997393     90405      57201673.57      11981517.0 -45220156.57
2      4288005020 -118.479122  33.998090     90405       2304612.88        162494.0  -2142118.88
3      4288005019 -118.479122  33.998090     90405       2422798.16        180883.0  -2241915.16
4      4288005018 -118.479122  33.998090     90405       6309232.32       1321526.0  -4987706.32
...           ...         ...        ...       ...              ...             ...          ...
83443  4138020057 -118.395106  33.895012     90256       4519036.00       4519036.0         0.00
83444  4138020056 -118.395394  33.901270     90256      14144188.00      14144188.0         0.00
83445  3023097006 -118.047876  34.576900     95552      23025652.64      22357288.0   -668364.64
83446  3023097014 -118.045679  34.575504     95332       2749844.62       2723852.0    -25992.62
83447  2689019017 -118.501686  34.223068     91329       7754396.00       7754396.0         0.00

[83448 rows x 7 columns]
successfully connected to database
